              precision    recall  f1-score   support

           0     0.8571    0.9600    0.9057        50
           1     0.8958    0.8600    0.8776        50
           2     0.7292    0.7000    0.7143        50
           3     0.6038    0.6400    0.6214        50
           4     0.8222    0.7400    0.7789        50
           5     0.7500    0.6000    0.6667        50
           6     0.8519    0.9200    0.8846        50
           7     0.7778    0.7000    0.7368        50
           8     0.8491    0.9000    0.8738        50
           9     0.8409    0.7400    0.7872        50
          10     0.8125    0.7800    0.7959        50
          11     0.8148    0.8800    0.8462        50
          12     0.8400    0.8400    0.8400        50
          13     0.8723    0.8200    0.8454        50
          14     0.7959    0.7800    0.7879        50
          15     0.8000    0.7200    0.7579        50
          16     0.6596    0.6200    0.6392        50
          17     0.8600    0.8600    0.8600        50
          18     0.5660    0.6000    0.5825        50
          19     0.6393    0.7800    0.7027        50
          20     0.8936    0.8400    0.8660        50
          21     0.8864    0.7800    0.8298        50
          22     0.8889    0.8000    0.8421        50
          23     0.7742    0.9600    0.8571        50
          24     0.6296    0.6800    0.6538        50
          25     0.8364    0.9200    0.8762        50
          26     0.8605    0.7400    0.7957        50
          27     0.6667    0.5600    0.6087        50
          28     0.7407    0.8000    0.7692        50
          29     0.6667    0.6000    0.6316        50
          30     0.5435    0.5000    0.5208        50
          31     0.8333    0.8000    0.8163        50
          32     0.5172    0.6000    0.5556        50
          33     0.6786    0.7600    0.7170        50
          34     0.9231    0.7200    0.8090        50
          35     0.8298    0.7800    0.8041        50
          36     0.9184    0.9000    0.9091        50
          37     0.7358    0.7800    0.7573        50
          38     0.8200    0.8200    0.8200        50
          39     0.6842    0.7800    0.7290        50
          40     0.7179    0.5600    0.6292        50
          41     0.7333    0.6600    0.6947        50
          42     0.5781    0.7400    0.6491        50
          43     0.8529    0.5800    0.6905        50
          44     0.9792    0.9400    0.9592        50
          45     0.8800    0.8800    0.8800        50
          46     0.5942    0.8200    0.6891        50
          47     0.9211    0.7000    0.7955        50
          48     0.6327    0.6200    0.6263        50
          49     0.5536    0.6200    0.5849        50
          50     0.7213    0.8800    0.7928        50
          51     0.7679    0.8600    0.8113        50
          52     0.8824    0.9000    0.8911        50
          53     0.8571    0.8400    0.8485        50
          54     0.8333    0.8000    0.8163        50
          55     0.8200    0.8200    0.8200        50
          56     0.6129    0.7600    0.6786        50
          57     0.7872    0.7400    0.7629        50
          58     0.9333    0.8400    0.8842        50
          59     0.7442    0.6400    0.6882        50
          60     0.8125    0.7800    0.7959        50
          61     0.8200    0.8200    0.8200        50
          62     0.5806    0.7200    0.6429        50
          63     0.6842    0.7800    0.7290        50
          64     0.4727    0.5200    0.4952        50
          65     0.6000    0.5400    0.5684        50
          66     0.8163    0.8000    0.8081        50
          67     0.6098    0.5000    0.5495        50
          68     0.8409    0.7400    0.7872        50
          69     0.6429    0.7200    0.6792        50
          70     0.6170    0.5800    0.5979        50
          71     0.9556    0.8600    0.9053        50
          72     0.6905    0.5800    0.6304        50
          73     0.7500    0.6600    0.7021        50
          74     0.7273    0.8000    0.7619        50
          75     0.6731    0.7000    0.6863        50
          76     0.7273    0.8000    0.7619        50
          77     0.6383    0.6000    0.6186        50
          78     0.7368    0.8400    0.7850        50
          79     0.7500    0.4800    0.5854        50
          80     0.5385    0.5600    0.5490        50
          81     0.9400    0.9400    0.9400        50
          82     0.7170    0.7600    0.7379        50
          83     0.7209    0.6200    0.6667        50
          84     0.7500    0.6600    0.7021        50
          85     0.5970    0.8000    0.6838        50
          86     0.5738    0.7000    0.6306        50
          87     0.5075    0.6800    0.5812        50
          88     0.7561    0.6200    0.6813        50
          89     0.7111    0.6400    0.6737        50
          90     0.8333    0.8000    0.8163        50
          91     0.8000    0.7200    0.7579        50
          92     0.8750    0.7000    0.7778        50
          93     0.6800    0.6800    0.6800        50
          94     0.6098    0.5000    0.5495        50
          95     0.8947    0.6800    0.7727        50
          96     0.7568    0.5600    0.6437        50
          97     0.6667    0.8000    0.7273        50
          98     0.7708    0.7400    0.7551        50
          99     0.7273    0.4800    0.5783        50
         100     0.4643    0.5200    0.4906        50
         101     0.8261    0.7600    0.7917        50
         102     0.6607    0.7400    0.6981        50
         103     0.8723    0.8200    0.8454        50
         104     0.5870    0.5400    0.5625        50
         105     0.7714    0.5400    0.6353        50
         106     0.5862    0.6800    0.6296        50
         107     0.7917    0.7600    0.7755        50
         108     0.9348    0.8600    0.8958        50
         109     0.7368    0.8400    0.7850        50
         110     0.8333    0.8000    0.8163        50
         111     0.8444    0.7600    0.8000        50
         112     0.7674    0.6600    0.7097        50
         113     0.6727    0.7400    0.7048        50
         114     0.6735    0.6600    0.6667        50
         115     0.9318    0.8200    0.8723        50
         116     0.7609    0.7000    0.7292        50
         117     0.9000    0.7200    0.8000        50
         118     0.7778    0.8400    0.8077        50
         119     0.5893    0.6600    0.6226        50
         120     0.5957    0.5600    0.5773        50
         121     0.8298    0.7800    0.8041        50
         122     0.5614    0.6400    0.5981        50
         123     0.5522    0.7400    0.6325        50
         124     0.7015    0.9400    0.8034        50
         125     0.6531    0.6400    0.6465        50
         126     0.7544    0.8600    0.8037        50
         127     0.6792    0.7200    0.6990        50
         128     0.5373    0.7200    0.6154        50
         129     0.7143    0.8000    0.7547        50
         130     0.7674    0.6600    0.7097        50
         131     0.4375    0.4200    0.4286        50
         132     0.4528    0.4800    0.4660        50
         133     0.8542    0.8200    0.8367        50
         134     0.7727    0.6800    0.7234        50
         135     0.4694    0.4600    0.4646        50
         136     0.7800    0.7800    0.7800        50
         137     0.6481    0.7000    0.6731        50
         138     0.7000    0.5600    0.6222        50
         139     0.5833    0.5600    0.5714        50
         140     0.7045    0.6200    0.6596        50
         141     0.6552    0.7600    0.7037        50
         142     0.6786    0.7600    0.7170        50
         143     0.8627    0.8800    0.8713        50
         144     0.6939    0.6800    0.6869        50
         145     0.8000    0.9600    0.8727        50
         146     0.8400    0.8400    0.8400        50
         147     0.6604    0.7000    0.6796        50
         148     0.9091    0.6000    0.7229        50
         149     0.7091    0.7800    0.7429        50
         150     0.7174    0.6600    0.6875        50
         151     0.5455    0.6000    0.5714        50
         152     0.8372    0.7200    0.7742        50
         153     0.6271    0.7400    0.6789        50
         154     0.7455    0.8200    0.7810        50
         155     0.7255    0.7400    0.7327        50
         156     0.6471    0.6600    0.6535        50
         157     0.6923    0.7200    0.7059        50
         158     0.4667    0.5600    0.5091        50
         159     0.5333    0.3200    0.4000        50
         160     0.7170    0.7600    0.7379        50
         161     0.7115    0.7400    0.7255        50
         162     0.7647    0.7800    0.7723        50
         163     0.7805    0.6400    0.7033        50
         164     0.7593    0.8200    0.7885        50
         165     0.9388    0.9200    0.9293        50
         166     0.9583    0.9200    0.9388        50
         167     0.5714    0.7200    0.6372        50
         168     0.7419    0.4600    0.5679        50
         169     0.7778    0.7000    0.7368        50
         170     0.8085    0.7600    0.7835        50
         171     0.7500    0.8400    0.7925        50
         172     0.5098    0.5200    0.5149        50
         173     0.8776    0.8600    0.8687        50
         174     0.6735    0.6600    0.6667        50
         175     0.4706    0.4800    0.4752        50
         176     0.8750    0.8400    0.8571        50
         177     0.4051    0.6400    0.4961        50
         178     0.8372    0.7200    0.7742        50
         179     0.4912    0.5600    0.5234        50
         180     0.5800    0.5800    0.5800        50
         181     0.8444    0.7600    0.8000        50
         182     0.7419    0.4600    0.5679        50
         183     0.7895    0.6000    0.6818        50
         184     0.7818    0.8600    0.8190        50
         185     0.7843    0.8000    0.7921        50
         186     0.7551    0.7400    0.7475        50
         187     0.8250    0.6600    0.7333        50
         188     0.6102    0.7200    0.6606        50
         189     0.9130    0.8400    0.8750        50
         190     0.6200    0.6200    0.6200        50
         191     0.7679    0.8600    0.8113        50
         192     0.7400    0.7400    0.7400        50
         193     0.8600    0.8600    0.8600        50
         194     0.8125    0.7800    0.7959        50
         195     0.5882    0.6000    0.5941        50
         196     0.6724    0.7800    0.7222        50
         197     0.3704    0.6000    0.4580        50
         198     0.5538    0.7200    0.6261        50
         199     0.7391    0.6800    0.7083        50

    accuracy                         0.7194     10000
   macro avg     0.7289    0.7194    0.7200     10000
weighted avg     0.7289    0.7194    0.7200     10000
